8/6: 54, 64, 90, 100
8/13: 55, 67, 80, 108
8/20: 60, 70, 81, 192
8/27: 58, 69, 79, 216
9/3: 203 / 66 / 86 / 227
9/10: 212 / 65 / 84 / 209
9/17: 54 / 72 / 82 / 100
9/24: 60 / 74 / 85 / 108
11/5:  203, 71, 87, 209
11/12: 62, 72, 78, 172
11/19: 56, 65, 94, 222
11/26: 212, 68, 76, 103
12/3:  62, 64, 82, 115
12/10: 112, 72, 93, 110
12/17: 111, 67, 87, 116
12/25(성탄): 122, 71, 85, 120
12/31: 128, 70, 89, 130
1/7:  203, 67, 86, 118
1/14: 121, 78, 85, 123
1/21: 55, , 79, 108
1/28: 58, 65, 93, 100
2/4:  212, 64, 78, 97
2/11: 61,  71, 84, 209
2/18: 56, 72, 87, 223
2/25: 60, 68, 76, 140
3/4:  55, 70, 82, 141
3/11: 62, 65, 86, 136
3/18: 203, 69, 93, 140
3/25: 61, 64, 79, 141
